@0
00100011 11100101 00000000 10000000
10101111 11100101 00000001 00000000
00100011 11100101 00000000 01000000
10101111 11100101 00000001 00000000
00100011 11100101 00000000 00100000
10101111 11100101 00000001 00000000
00100011 11100101 00000000 00010000
10101111 11100101 00000001 00000000
00100011 11100101 00000000 00001000
10101111 11100101 00000001 00000000
00100011 11100101 00000000 00000100
10101111 11100101 00000001 00000000
00100011 11100101 00000000 00000010
10101111 11100101 00000001 00000000
00100011 11100101 00000000 00000001
10101111 11100101 00000001 00000000
00100011 11100101 00000000 00000010
10101111 11100101 00000001 00000000
00100011 11100101 00000000 00000100
10101111 11100101 00000001 00000000
00100011 11100101 00000000 00001000
10101111 11100101 00000001 00000000
00100011 11100101 00000000 00010000
10101111 11100101 00000001 00000000
00100011 11100101 00000000 00100000
10101111 11100101 00000001 00000000
00100011 11100101 00000000 00010000
10101111 11100101 00000001 00000000
00100011 11100101 00000000 00001000
10101111 11100101 00000001 00000000
00100011 11100101 00000000 00000100
10101111 11100101 00000001 00000000
00100011 11100101 00000000 00000010
10101111 11100101 00000001 00000000
00100011 11100101 00000000 00000001
10101111 11100101 00000001 00000000
00100011 11100101 00000000 00000010
10101111 11100101 00000001 00000000
00100011 11100101 00000000 00000100
10101111 11100101 00000001 00000000
00100011 11100101 00000000 00001000
10101111 11100101 00000001 00000000
00100011 11100101 00000000 00010000
10101111 11100101 00000001 00000000
00100011 11100101 00000000 00100000
10101111 11100101 00000001 00000000
00100011 11100101 00000000 01000000
10101111 11100101 00000001 00000000
00100011 11100101 00000000 10000000
10101111 11100101 00000001 00000000

00100011 11100101 00000000 00000000
10101111 11100101 00000001 00000000
00100011 11100101 00000000 00000000
10101111 11100101 00000001 00000000

00100011 11100101 00000000 00000001
10101111 11100101 00000001 00000000
00100011 11100101 00000000 00000010
10101111 11100101 00000001 00000000
00100011 11100101 00000000 00000100
10101111 11100101 00000001 00000000
00100011 11100101 00000000 00001000
10101111 11100101 00000001 00000000
00100011 11100101 00000000 00010000
10101111 11100101 00000001 00000000
00100011 11100101 00000000 00101000
10101111 11100101 00000001 00000000
00100011 11100101 00000000 01000000
10101111 11100101 00000001 00000000
00100011 11100101 00000000 10001000
10101111 11100101 00000001 00000000
00100011 11100101 00000000 01000000
10101111 11100101 00000001 00000000
00100011 11100101 00000000 00101000
10101111 11100101 00000001 00000000
00100011 11100101 00000000 00010000
10101111 11100101 00000001 00000000
00100011 11100101 00000000 00001000
10101111 11100101 00000001 00000000
00100011 11100101 00000000 00000100
10101111 11100101 00000001 00000000
00100011 11100101 00000000 00000010
10101111 11100101 00000001 00000000
00100011 11100101 00000000 00000001
10101111 11100101 00000001 00000000

00100011 11100101 00000000 00000000
10101111 11100101 00000001 00000000
00100011 11100101 00000000 00000000
10101111 11100101 00000001 00000000

00100011 11100101 00000000 10000000
10101111 11100101 00000001 00000000
00100011 11100101 00000000 01000000
10101111 11100101 00000001 00000000
00100011 11100101 00000000 00100000
10101111 11100101 00000001 00000000
00100011 11100101 00000000 00010000
10101111 11100101 00000001 00000000
00100011 11100101 00000000 00001000
10101111 11100101 00000001 00000000
00100011 11100101 00000000 00000100
10101111 11100101 00000001 00000000
00100011 11100101 00000000 00000010
10101111 11100101 00000001 00000000
00100011 11100101 00000000 00000001
10101111 11100101 00000001 00000000
00100011 11100101 00000000 00000010
10101111 11100101 00000001 00000000
00100011 11100101 00000000 00000100
10101111 11100101 00000001 00000000
00100011 11100101 00000000 00001000
10101111 11100101 00000001 00000000
00100011 11100101 00000000 00010000
10101111 11100101 00000001 00000000
00100011 11100101 00000000 00100000
10101111 11100101 00000001 00000000
00100011 11100101 00000000 00010000
10101111 11100101 00000001 00000000
00100011 11100101 00000000 00001000
10101111 11100101 00000001 00000000
00100011 11100101 00000000 00000100
10101111 11100101 00000001 00000000
00100011 11100101 00000000 00000010
10101111 11100101 00000001 00000000
00100011 11100101 00000000 00000001
10101111 11100101 00000001 00000000
00100011 11100101 00000000 00000010
10101111 11100101 00000001 00000000
00100011 11100101 00000000 00000100
10101111 11100101 00000001 00000000
00100011 11100101 00000000 00001000
10101111 11100101 00000001 00000000
00100011 11100101 00000000 00010000
10101111 11100101 00000001 00000000
00100011 11100101 00000000 00100000
10101111 11100101 00000001 00000000
00100011 11100101 00000000 01000000
10101111 11100101 00000001 00000000
00100011 11100101 00000000 10000000
10101111 11100101 00000001 00000000

00100011 11100101 00000000 00000000
10101111 11100101 00000001 00000000
00100011 11100101 00000000 00000000
10101111 11100101 00000001 00000000

00100011 11100101 00000000 11111111
10101111 11100101 00000001 00000000
00100011 11100101 00000000 00000000
10101111 11100101 00000001 00000000
00100011 11100101 00000000 10010001
10101111 11100101 00000001 00000000
00100011 11100101 00000000 00000000
10101111 11100101 00000001 00000000
00100011 11100101 00000000 10010001
10101111 11100101 00000001 00000000
00100011 11100101 00000000 00000000
10101111 11100101 00000001 00000000
00100011 11100101 00000000 10010001
10101111 11100101 00000001 00000000
00100011 11100101 00000000 00000000
10101111 11100101 00000001 00000000
00100011 11100101 00000000 10010001
10101111 11100101 00000001 00000000
00100011 11100101 00000000 00000000
10101111 11100101 00000001 00000000
00100011 11100101 00000000 10010001
10101111 11100101 00000001 00000000
00100011 11100101 00000000 00000000
10101111 11100101 00000001 00000000
00100011 11100101 00000000 10000001
10101111 11100101 00000001 00000000
00100011 11100101 00000000 00000000
10101111 11100101 00000001 00000000
00100011 11100101 00000000 10000001
10101111 11100101 00000001 00000000

00100011 11100101 00000000 00000000
10101111 11100101 00000001 00000000
00100011 11100101 00000000 00000000
10101111 11100101 00000001 00000000

00100011 11100101 00000000 00000000
10101111 11100101 00000001 00000000
00100011 11100101 00000000 00000000
10101111 11100101 00000001 00000000

00100011 11100101 00000000 11111111
10101111 11100101 00000001 00000000

00100011 11100101 00000000 00000000
10101111 11100101 00000001 00000000
00100011 11100101 00000000 00000000
10101111 11100101 00000001 00000000
00100011 11100101 00000000 00000000
10101111 11100101 00000001 00000000
00100011 11100101 00000000 00000000
10101111 11100101 00000001 00000000
